nodes =[ 
 -1.6954931e-11,  1.9344174e-01;
 -8.1296567e-12,  7.8900980e-01;
 -7.1848031e-12,  3.9364631e-01;
 0.0000000e+00,  0.0000000e+00;
 0.0000000e+00,  6.0000000e-01;
 0.0000000e+00,  9.9999905e-01;
 2.1213734e-01,  2.0143963e-01;
 2.2844504e-01,  5.7326626e-01;
 2.3077068e-01,  1.0000000e+00;
 2.6387984e-01,  -1.6294181e-11;
 2.9318243e-01,  3.8652795e-01;
 2.9871957e-01,  7.7003636e-01;
 4.1504437e-01,  1.8262202e-01;
 4.3228353e-01,  1.0000000e+00;
 4.5762651e-01,  5.7002876e-01;
 4.8331415e-01,  -1.2344107e-11;
 5.0646485e-01,  3.5858868e-01;
 5.3362153e-01,  7.9098812e-01;
 5.9394989e-01,  1.6656927e-01;
 6.1113031e-01,  1.0000000e+00;
 6.4714590e-01,  6.5449750e-01;
 6.4848321e-01,  4.7788008e-01;
 6.6580607e-01,  -9.3159074e-12;
 6.9105540e-01,  3.0580006e-01;
 7.5256467e-01,  1.0000000e+00;
 7.5544821e-01,  1.4321580e-01;
 7.6576145e-01,  8.0277966e-01;
 7.9942145e-01,  5.9910279e-01;
 8.1007585e-01,  4.2799797e-01;
 8.2174987e-01,  -8.0013079e-12;
 8.4399898e-01,  2.7050592e-01;
 8.7850793e-01,  1.0000000e+00;
 8.9538132e-01,  1.2728883e-01;
 9.2597569e-01,  6.8172099e-01;
 9.3623741e-01,  5.1958493e-01;
 9.4743893e-01,  3.7302332e-01;
 9.5013863e-01,  8.2927390e-01;
 9.5381033e-01,  -6.5128423e-12;
 9.7495520e-01,  2.3683682e-01;
 1.0000000e+00,  9.9999905e-01;
 1.0161922e+00,  1.1183865e-01;
 1.0569219e+00,  5.9307171e-01;
 1.0569769e+00,  4.5552309e-01;
 1.0651629e+00,  3.2789282e-01;
 1.0665104e+00,  -5.4770303e-12;
 1.0814039e+00,  7.2836463e-01;
 1.0867087e+00,  2.0865961e-01;
 1.1189855e+00,  8.6720778e-01;
 1.1199937e+00,  9.9026506e-02;
 1.1605245e+00,  4.0097792e-01;
 1.1625000e+00,  -4.5732498e-12;
 1.1653157e+00,  5.2016992e-01;
 1.1655085e+00,  2.8920233e-01;
 1.1822913e+00,  1.8450567e-01;
 1.1863952e+00,  1.0000000e+00;
 1.1879659e+00,  6.4031939e-01;
 1.2089047e+00,  8.7862347e-02;
 1.2278545e+00,  7.6249668e-01;
 1.2442363e+00,  -3.8253654e-12;
 1.2487735e+00,  3.5324945e-01;
 1.2512208e+00,  2.5534842e-01;
 1.2554636e+00,  4.5788964e-01;
 1.2642135e+00,  1.6313925e-01;
 1.2774985e+00,  5.6412914e-01;
 1.2839300e+00,  8.7842156e-01;
 1.2852304e+00,  7.8176589e-02;
 1.3128517e+00,  6.7259442e-01;
 1.3137172e+00,  -3.3493273e-12;
 1.3243618e+00,  3.1053248e-01;
 1.3244389e+00,  2.2486194e-01;
 1.3306098e+00,  4.0293757e-01;
 1.3350809e+00,  1.4388945e-01;
 1.3508643e+00,  6.8688326e-02;
 1.3509184e+00,  1.0000000e+00;
 1.3518755e+00,  4.9617794e-01;
 1.3713233e+00,  7.7875751e-01;
 1.3730579e+00,  -3.2669882e-12;
 1.3844221e+00,  5.9089896e-01;
 1.3874149e+00,  1.9692968e-01;
 1.3889919e+00,  2.7110009e-01;
 1.3936736e+00,  3.5453249e-01;
 1.3958419e+00,  1.2323798e-01;
 1.4088289e+00,  5.8126262e-02;
 1.4139852e+00,  4.3533345e-01;
 1.4243786e+00,  -2.7494005e-12;
 1.4284837e+00,  6.8840179e-01;
 1.4337287e+00,  8.8080398e-01;
 1.4378911e+00,  1.6735665e-01;
 1.4438907e+00,  5.1608394e-01;
 1.4442842e+00,  3.1184716e-01;
 1.4454258e+00,  2.3460125e-01;
 1.4503791e+00,  1.0216646e-01;
 1.4621707e+00,  5.3128604e-02;
 1.4657094e+00,  1.0117354e-12;
 1.4668210e+00,  3.8353080e-01;
 1.4816144e+00,  5.9789246e-01;
 1.4821406e+00,  1.3541997e-01;
 1.4868891e+00,  2.7809991e-01;
 1.4871202e+00,  1.9033158e-01;
 1.4943539e+00,  4.5393322e-01;
 1.4959716e+00,  1.0000000e+00;
 1.5020487e+00,  4.5216290e-02;
 1.5052523e+00,  -6.6934704e-12;
 1.5066067e+00,  7.7977980e-01;
 1.5086301e+00,  3.3690904e-01;
 1.5087449e+00,  9.3104171e-02;
 1.5114534e+00,  2.3467555e-01;
 1.5222103e+00,  1.4736680e-01;
 1.5226963e+00,  6.7589678e-01;
 1.5292304e+00,  5.3286583e-01;
 1.5376009e+00,  3.9572787e-01;
 1.5390043e+00,  1.9360521e-01;
 1.5406478e+00,  2.8607683e-01;
 1.5612554e+00,  4.7038318e-01;
 1.5614761e+00,  2.4020158e-01;
 1.5651109e+00,  3.3576296e-01;
 1.5653445e+00,  8.8505042e-01;
 1.5790745e+00,  6.0578100e-01;
 1.5889582e+00,  2.8468345e-01;
 1.5909615e+00,  4.2099066e-01;
 1.5978700e+00,  7.0990222e-01;
 1.6015872e+00,  3.7086192e-01;
 1.6065417e+00,  5.3163807e-01;
 1.6183943e+00,  3.2307438e-01;
 1.6288963e+00,  1.0000000e+00;
 1.6300110e+00,  4.6873893e-01;
 1.6304557e+00,  7.9668756e-01;
 1.6456980e+00,  4.1041805e-01;
 1.6522264e+00,  6.4412719e-01;
 1.6532420e+00,  3.6022064e-01;
 1.6642031e+00,  5.7567857e-01;
 1.6763427e+00,  5.0821909e-01;
 1.6871480e+00,  4.4768625e-01;
 1.6921113e+00,  8.9156870e-01;
 1.6928082e+00,  3.9450377e-01;
 1.6946829e+00,  7.1397901e-01;
 1.7269948e+00,  5.4693445e-01;
 1.7310851e+00,  6.2603845e-01;
 1.7317181e+00,  4.8045348e-01;
 1.7341664e+00,  4.2347666e-01;
 1.7403155e+00,  7.9611356e-01;
 1.7553618e+00,  1.0000000e+00;
 1.7762007e+00,  7.0232708e-01;
 1.7765992e+00,  4.4731653e-01;
 1.7792102e+00,  5.0462992e-01;
 1.7816107e+00,  5.6722747e-01;
 1.8075942e+00,  6.3163886e-01;
 1.8092356e+00,  8.8164208e-01;
 1.8207859e+00,  4.6677866e-01;
 1.8321874e+00,  5.1906901e-01;
 1.8324701e+00,  7.7245192e-01;
 1.8408856e+00,  5.7245231e-01;
 1.8597028e+00,  6.8634567e-01;
 1.8685467e+00,  4.8241065e-01;
 1.8724071e+00,  1.0000000e+00;
 1.8820058e+00,  6.1340225e-01;
 1.8899800e+00,  5.4203716e-01;
 1.9081279e+00,  8.1837709e-01;
 1.9126063e+00,  4.9230310e-01;
 1.9137692e+00,  9.1309602e-01;
 1.9233080e+00,  7.3271556e-01;
 1.9359266e+00,  6.5574153e-01;
 1.9415357e+00,  5.8814621e-01;
 1.9450458e+00,  5.3818738e-01;
 1.9590836e+00,  4.9832304e-01;
 2.0000000e+00,  1.0037625e+00;
 2.0000000e+00,  8.7596072e-01;
 2.0000000e+00,  7.7755200e-01;
 2.0000000e+00,  6.9190261e-01;
 2.0000000e+00,  6.1695365e-01;
 2.0000000e+00,  5.5265142e-01;
 2.0034343e+00,  4.9998820e-01;
]; 
